1.152308141924884063e-03
1.130361248809398297e-03
1.131143097538939851e-03
1.131143097538939851e-03
1.173137645631976795e-03
1.224605734152700142e-03
1.265582044018864196e-03
1.282278540869999806e-03
1.299834622148524684e-03
1.327196430382098771e-03
1.384082953655894942e-03
1.442516728597821639e-03
1.472938354409361909e-03
1.478466589940262551e-03
1.451942411427204491e-03
1.419714394115816243e-03
1.372170073005668164e-03
1.319687503981574516e-03
1.265986156249067915e-03
1.236916265291336655e-03
1.230739169297421142e-03
1.231963693517507076e-03
1.236263299875843590e-03
1.252267130896512863e-03
1.287190929729048429e-03
1.363416149723454011e-03
1.420562583073954350e-03
1.443064168283886154e-03
1.468683295260930430e-03
1.479843498902869104e-03
