1.666895031448304976e-01
1.745907742287889919e-01
1.825208337595411179e-01
1.904788774930734618e-01
1.984640487888382210e-01
2.064757992150867971e-01
2.145134839480299926e-01
2.225763963762633635e-01
2.306636199459730086e-01
2.387738219993238431e-01
2.469060457612439474e-01
2.550594301589868551e-01
2.632325884502086932e-01
2.714244353625341333e-01
2.796347094425677970e-01
2.878626901759974710e-01
2.961073803232189272e-01
3.043677822697543056e-01
3.126429021191500235e-01
3.209315754581827940e-01
3.292326325724959646e-01
3.375452431684471954e-01
3.458687367757850573e-01
3.542023468454150725e-01
3.625453519923610424e-01
3.708970778629170351e-01
3.792571562254954953e-01
3.792571562254954953e-01
3.876256233637890847e-01
3.960025908861413146e-01
