6.675400000000000489e+01
6.677100000000000080e+01
6.678799999999999670e+01
6.680500000000000682e+01
6.682200000000000273e+01
6.683899999999999864e+01
6.685599999999999454e+01
6.687300000000000466e+01
6.689000000000000057e+01
6.690699999999999648e+01
6.692400000000000659e+01
6.694100000000000250e+01
6.695799999999999841e+01
6.697499999999999432e+01
6.699200000000000443e+01
6.700900000000000034e+01
6.702599999999999625e+01
6.704300000000000637e+01
6.706000000000000227e+01
6.707699999999999818e+01
6.709399999999999409e+01
6.711100000000000421e+01
6.712800000000000011e+01
6.714499999999999602e+01
6.716200000000000614e+01
6.717900000000000205e+01
6.719599999999999795e+01
6.719599999999999795e+01
6.721299999999999386e+01
6.723000000000000398e+01
