6.797700000000000387e+01
6.799399999999999977e+01
6.802800000000000580e+01
6.802800000000000580e+01
6.804500000000000171e+01
6.806199999999999761e+01
6.807899999999999352e+01
6.809600000000000364e+01
6.811299999999999955e+01
6.812999999999999545e+01
6.814700000000000557e+01
6.816400000000000148e+01
6.818099999999999739e+01
6.819799999999999329e+01
6.821500000000000341e+01
6.823099999999999454e+01
6.824800000000000466e+01
6.826500000000000057e+01
6.828199999999999648e+01
6.829900000000000659e+01
6.831600000000000250e+01
6.833299999999999841e+01
6.834999999999999432e+01
6.836700000000000443e+01
6.838400000000000034e+01
6.840099999999999625e+01
6.841800000000000637e+01
6.843500000000000227e+01
6.845199999999999818e+01
6.846899999999999409e+01
