7.680045385323708285e-01
7.762871198883178891e-01
7.927818210861300452e-01
7.927818210861300452e-01
8.009903046657713688e-01
8.091705367239618862e-01
8.173211010489105366e-01
8.254408057716262626e-01
8.335292825472776501e-01
8.415865838427860623e-01
8.496127463285239045e-01
8.576077550521025161e-01
8.655720118058486401e-01
8.735063861535893315e-01
8.814112279070247524e-01
8.888242829222917640e-01
8.966725921522548104e-01
9.044921145426083608e-01
9.122822264659391500e-01
9.200418884136872810e-01
9.277702608578342058e-01
9.354669806553848055e-01
9.431316936826809050e-01
9.507641449359450769e-01
9.583644799988975116e-01
9.659326078525360959e-01
9.734679313191427763e-01
9.809698079170163787e-01
9.884376049992950053e-01
9.958705863806853742e-01
