2.614495089513124877e-04
3.005354881326387966e-04
3.485004854816367310e-04
3.871996276836832591e-04
4.288961337250730694e-04
4.530300790588126015e-04
4.522969918459119687e-04
4.608918204298235815e-04
4.982311447036607503e-04
5.351687564197577050e-04
5.769411938285518189e-04
6.020283116715218191e-04
6.182265653670750280e-04
6.280953599913582930e-04
6.550614986378365014e-04
6.865116751300892042e-04
7.178843827629406054e-04
7.331319687122276598e-04
7.543103780861467071e-04
8.098990733813849451e-04
8.472132250132900994e-04
8.443400149773820293e-04
8.322903738611605240e-04
8.396100667279741319e-04
8.693702981563558932e-04
8.989326482869199877e-04
9.291940372961954775e-04
9.667384170347226996e-04
1.006470551195556406e-03
1.023111412312473819e-03
