6.733100000000000307e+01
6.734799999999999898e+01
6.736499999999999488e+01
6.738200000000000500e+01
6.739900000000000091e+01
6.741599999999999682e+01
6.743300000000000693e+01
6.745000000000000284e+01
6.746699999999999875e+01
6.748399999999999466e+01
6.750100000000000477e+01
6.751800000000000068e+01
6.753499999999999659e+01
6.755200000000000671e+01
6.756900000000000261e+01
6.758599999999999852e+01
6.760299999999999443e+01
6.762000000000000455e+01
6.763700000000000045e+01
6.765399999999999636e+01
6.767100000000000648e+01
6.768800000000000239e+01
6.770499999999999829e+01
6.772199999999999420e+01
6.773900000000000432e+01
6.775600000000000023e+01
6.777299999999999613e+01
6.779000000000000625e+01
6.780700000000000216e+01
6.782399999999999807e+01
