-1.353575421416752063e-04
-1.184892690507002269e-04
-1.073407250321733086e-04
-1.162668011601909241e-04
-1.224640457034753180e-04
-1.540012296878727439e-04
-1.919927927918662681e-04
-2.422951055103236058e-04
-2.981167039277902607e-04
-3.319918420836766738e-04
-3.269910775522009354e-04
-3.082214542894870122e-04
-3.059479750172152844e-04
-2.899680211614677461e-04
-2.735832741184094892e-04
-2.565179175282222878e-04
-2.384822450190815057e-04
-2.192066833690867970e-04
-1.892680132360140147e-04
-1.248522992377976300e-04
-8.848696749335563242e-05
-5.575390135711305909e-05
-4.203222299060230846e-05
2.433677611800721720e-06
6.837897981147720748e-05
1.026354931098204552e-04
1.036305658924561134e-04
1.036305658924561134e-04
1.235373422750600536e-04
1.731511325700807230e-04
