4.459765471093555811e-01
4.544264749962092509e-01
4.628875968927280704e-01
4.713598619154868996e-01
4.798430980759406661e-01
4.883370064255934118e-01
4.968411274257881760e-01
5.053549535179081564e-01
5.138771759978948417e-01
5.224064539115372829e-01
5.309413168796399685e-01
5.394804213237626156e-01
5.480229617166910705e-01
5.565682722200038235e-01
5.651152559411612986e-01
5.736627887230874023e-01
5.822094152710108883e-01
5.907534648955103940e-01
5.992933501734983848e-01
6.078276016620969280e-01
6.163551406093180640e-01
6.248750237187882250e-01
6.333864669328320707e-01
6.418890509531086641e-01
6.503821680461592258e-01
6.588647601862837044e-01
6.673361854359757261e-01
6.757961941064244416e-01
6.842445451052998617e-01
6.926811264019493430e-01
